[
    [0.0, 0.0, 1.0, 0.9, 0.6, 0.7, 1.885, 2.982], 
    [0.0, 0.0, 1.0, 0.9, 0.93, 0.1, 0.402, 0.4643], 
    [0.0, 0.0, 1.0, 0.9, 1.27, 0.5, 1.429, 2.132], 
    [0.0, 0.0, 1.0, 0.9, 1.18, 1.0, 2.635, 4.299], 
    [0.0, 0.0, 1.0, 0.9, 0.52, 0.3, 0.8469, 1.306], 
    [0.0, 0.0, 1.0, 0.9, 0.6, 0.2, 0.6101, 0.8768], 
    [0.0, 0.0, 1.0, 0.9, 0.85, 0.5, 1.381, 2.185], 
    [0.0, 0.0, 1.0, 0.9, 0.35, 0.1, 0.3347, 0.461], 
    [0.0, 0.0, 1.0, 0.9, 0.93, 0.3, 0.8867, 1.295], 
    [0.0, 0.0, 1.0, 0.9, 1.43, 0.8, 2.171, 3.414], 
    [0.0, 0.0, 1.0, 0.9, 1.1, 0.3, 0.8989, 1.289], 
    [0.0, 0.0, 1.0, 0.9, 1.27, 0.8, 2.21, 3.354], 
    [0.0, 0.0, 1.0, 0.9, 0.18, 0.4, 1.052, 1.739], 
    [0.0, 0.0, 1.0, 0.9, 0.18, 0.2, 0.5675, 0.8733], 
    [0.0, 0.0, 1.0, 0.9, 1.02, 0.9, 2.379, 3.872], 
    [0.0, 0.0, 1.0, 0.9, 0.68, 0.8, 2.111, 3.385], 
    [0.0, 0.0, 1.0, 0.9, 1.43, 0.7, 1.926, 3.018], 
    [0.0, 0.0, 1.0, 0.9, 0.43, 0.8, 2.109, 3.395], 
    [0.0, 0.0, 1.0, 0.9, 0.1, 1.1, 2.956, 4.607], 
    [0.0, 0.0, 1.0, 0.9, 0.18, 0.3, 0.8251, 1.338], 
    [0.0, 0.0, 1.0, 0.9, 0.77, 1.1, 2.896, 4.694], 
    [0.0, 0.0, 1.0, 0.9, 1.35, 1.0, 2.741, 4.259], 
    [0.0, 0.0, 1.0, 0.9, 0.43, 0.6, 1.632, 2.61], 
    [0.0, 0.0, 1.0, 0.9, 0.93, 0.8, 2.166, 3.46], 
    [0.0, 0.0, 1.0, 0.9, 0.35, 0.4, 1.078, 1.729], 
    [0.0, 0.0, 1.0, 0.9, 0.68, 0.5, 1.368, 2.177], 
    [0.0, 0.0, 1.0, 0.9, 1.43, 0.6, 1.684, 2.571], 
    [0.0, 0.0, 1.0, 0.9, 0.6, 0.1, 0.3669, 0.4642], 
    [0.0, 0.0, 1.0, 0.9, 1.02, 0.3, 0.8923, 1.29], 
    [0.0, 0.0, 1.0, 0.9, 1.02, 0.5, 1.396, 2.14], 
    [0.0, 0.0, 1.0, 0.9, 0.1, 0.6, 1.554, 2.512], 
    [0.0, 0.0, 1.0, 0.9, 0.18, 0.8, 2.039, 3.482], 
    [0.0, 0.0, 1.0, 0.9, 0.43, 0.4, 1.087, 1.713], 
    [0.0, 0.0, 1.0, 0.9, 0.85, 0.1, 0.3853, 0.4644], 
    [0.0, 0.0, 1.0, 0.9, 0.1, 0.5, 1.323, 2.116], 
    [0.0, 0.0, 1.0, 0.9, 0.27, 0.3, 0.8203, 1.33], 
    [0.0, 0.0, 1.0, 0.9, 0.52, 0.2, 0.6044, 0.8902], 
    [0.0, 0.0, 1.0, 0.9, 1.27, 0.9, 2.473, 3.869], 
    [0.0, 0.0, 1.0, 0.9, 1.1, 0.7, 1.912, 3.067], 
    [0.0, 0.0, 1.0, 0.9, 0.27, 0.5, 1.327, 2.133], 
    [0.0, 0.0, 1.0, 0.9, 0.43, 0.9, 2.406, 3.773], 
    [0.0, 0.0, 1.0, 0.9, 0.1, 0.4, 1.072, 1.728], 
    [0.0, 0.0, 1.0, 0.9, 1.35, 0.4, 1.179, 1.724], 
    [0.0, 0.0, 1.0, 0.9, 0.77, 0.4, 1.128, 1.745], 
    [0.0, 0.0, 1.0, 0.9, 1.43, 0.3, 0.9395, 1.294], 
    [0.0, 0.0, 1.0, 0.9, 1.1, 0.6, 1.67, 2.519], 
    [0.0, 0.0, 1.0, 0.9, 0.6, 0.9, 2.367, 3.923], 
    [0.0, 0.0, 1.0, 0.9, 0.27, 1.0, 2.561, 4.306], 
    [0.0, 0.0, 1.0, 0.9, 0.68, 0.1, 0.3691, 0.4643], 
    [0.0, 0.0, 1.0, 0.9, 0.6, 0.3, 0.8557, 1.29], 
    [0.0, 0.0, 1.0, 0.9, 0.52, 0.8, 2.082, 3.348], 
    [0.0, 0.0, 1.0, 0.9, 1.18, 0.8, 2.181, 3.428], 
    [0.0, 0.0, 1.0, 0.9, 1.1, 0.9, 2.444, 3.964], 
    [0.0, 0.0, 1.0, 0.9, 0.85, 1.0, 2.626, 4.334], 
    [0.0, 0.0, 1.0, 0.9, 0.43, 0.3, 0.8471, 1.319], 
    [0.0, 0.0, 1.0, 0.9, 0.68, 0.3, 0.8704, 1.296], 
    [0.0, 0.0, 1.0, 0.9, 0.35, 1.0, 2.571, 4.362], 
    [0.0, 0.0, 1.0, 0.9, 1.27, 0.2, 0.6672, 0.8732], 
    [0.0, 0.0, 1.0, 0.9, 1.1, 0.1, 0.4179, 0.4646], 
    [0.0, 0.0, 1.0, 0.9, 0.93, 0.9, 2.449, 3.912], 
    [0.0, 0.0, 1.0, 0.9, 1.18, 0.9, 2.458, 3.847], 
    [0.0, 0.0, 1.0, 0.9, 1.43, 0.1, 0.4486, 0.463], 
    [0.0, 0.0, 1.0, 0.9, 1.43, 0.4, 1.186, 1.703], 
    [0.0, 0.0, 1.0, 0.9, 1.35, 1.1, 2.929, 4.755], 
    [0.0, 0.0, 1.0, 0.9, 1.35, 0.1, 0.4415, 0.4636], 
    [0.0, 0.0, 1.0, 0.9, 0.35, 0.3, 0.8303, 1.305], 
    [0.0, 0.0, 1.0, 0.9, 0.85, 0.4, 1.125, 1.745], 
    [0.0, 0.0, 1.0, 0.9, 0.68, 0.2, 0.6222, 0.886], 
    [0.0, 0.0, 1.0, 0.9, 1.18, 0.6, 1.647, 2.589], 
    [0.0, 0.0, 1.0, 0.9, 1.43, 1.1, 2.97, 4.607], 
    [0.0, 0.0, 1.0, 0.9, 0.85, 0.3, 0.8855, 1.286], 
    [0.0, 0.0, 1.0, 0.9, 0.93, 0.4, 1.136, 1.74], 
    [0.0, 0.0, 1.0, 0.9, 1.35, 0.5, 1.425, 2.142], 
    [0.0, 0.0, 1.0, 0.9, 1.1, 0.2, 0.6555, 0.8803], 
    [0.0, 0.0, 1.0, 0.9, 0.77, 1.0, 2.69, 4.316], 
    [0.0, 0.0, 1.0, 0.9, 0.18, 1.0, 2.567, 4.26], 
    [0.0, 0.0, 1.0, 0.9, 0.77, 0.5, 1.368, 2.151], 
    [0.0, 0.0, 1.0, 0.9, 0.93, 0.7, 1.946, 2.939], 
    [0.0, 0.0, 1.0, 0.9, 0.77, 0.3, 0.8765, 1.295], 
    [0.0, 0.0, 1.0, 0.9, 1.18, 0.7, 1.934, 2.967], 
    [0.0, 0.0, 1.0, 0.9, 0.18, 1.1, 2.78, 4.63], 
    [0.0, 0.0, 1.0, 0.9, 0.18, 0.1, 0.3183, 0.4539], 
    [0.0, 0.0, 1.0, 0.9, 0.85, 0.7, 1.875, 2.935], 
    [0.0, 0.0, 1.0, 0.9, 0.43, 0.1, 0.3488, 0.4636], 
    [0.0, 0.0, 1.0, 0.9, 1.35, 0.8, 2.162, 3.375], 
    [0.0, 0.0, 1.0, 0.9, 0.35, 0.5, 1.35, 2.201], 
    [0.0, 0.0, 1.0, 0.9, 0.52, 0.6, 1.588, 2.58], 
    [0.0, 0.0, 1.0, 0.9, 1.18, 0.3, 0.9178, 1.309], 
    [0.0, 0.0, 1.0, 0.9, 1.27, 1.1, 2.937, 4.742], 
    [0.0, 0.0, 1.0, 0.9, 0.27, 0.7, 1.817, 3.056], 
    [0.0, 0.0, 1.0, 0.9, 0.6, 0.8, 2.208, 3.484], 
    [0.0, 0.0, 1.0, 0.9, 0.18, 0.5, 1.345, 2.114], 
    [0.0, 0.0, 1.0, 0.9, 0.68, 1.1, 2.904, 4.786], 
    [0.0, 0.0, 1.0, 0.9, 0.18, 0.6, 1.546, 2.598], 
    [0.0, 0.0, 1.0, 0.9, 0.1, 0.9, 2.264, 3.838], 
    [0.0, 0.0, 1.0, 0.9, 1.35, 0.2, 0.6863, 0.8729], 
    [0.0, 0.0, 1.0, 0.9, 1.1, 0.4, 1.16, 1.759], 
    [0.0, 0.0, 1.0, 0.9, 0.68, 0.6, 1.609, 2.555], 
    [0.0, 0.0, 1.0, 0.9, 0.43, 0.2, 0.5971, 0.8819], 
    [0.0, 0.0, 1.0, 0.9, 0.68, 0.7, 1.898, 2.947], 
    [0.0, 0.0, 1.0, 0.9, 0.52, 1.0, 2.586, 4.314], 
    [0.0, 0.0, 1.0, 0.9, 0.1, 0.3, 0.7893, 1.269], 
    [0.0, 0.0, 1.0, 0.9, 0.93, 1.1, 2.908, 4.722], 
    [0.0, 0.0, 1.0, 0.9, 1.02, 0.7, 1.939, 3.008], 
    [0.0, 0.0, 1.0, 0.9, 0.77, 0.8, 2.178, 3.511], 
    [0.0, 0.0, 1.0, 0.9, 1.43, 1.0, 2.667, 4.181], 
    [0.0, 0.0, 1.0, 0.9, 0.1, 1.0, 2.601, 4.225], 
    [0.0, 0.0, 1.0, 0.9, 1.35, 0.9, 2.482, 3.757], 
    [0.0, 0.0, 1.0, 0.9, 1.02, 0.2, 0.6545, 0.8765], 
    [0.0, 0.0, 1.0, 0.9, 0.52, 0.1, 0.3538, 0.4625], 
    [0.0, 0.0, 1.0, 0.9, 1.1, 1.0, 2.675, 4.376], 
    [0.0, 0.0, 1.0, 0.9, 0.68, 0.9, 2.346, 3.938], 
    [0.0, 0.0, 1.0, 0.9, 0.77, 0.2, 0.6342, 0.8801], 
    [0.0, 0.0, 1.0, 0.9, 1.02, 0.4, 1.151, 1.735], 
    [0.0, 0.0, 1.0, 0.9, 0.1, 0.7, 1.782, 3.006], 
    [0.0, 0.0, 1.0, 0.9, 1.18, 0.2, 0.6708, 0.8743], 
    [0.0, 0.0, 1.0, 0.9, 0.1, 0.8, 2.046, 3.437], 
    [0.0, 0.0, 1.0, 0.9, 0.27, 0.1, 0.3258, 0.4569], 
    [0.0, 0.0, 1.0, 0.9, 0.6, 0.5, 1.35, 2.154], 
    [0.0, 0.0, 1.0, 0.9, 0.85, 0.8, 2.165, 3.461], 
    [0.0, 0.0, 1.0, 0.9, 1.18, 1.1, 2.98, 4.781], 
    [0.0, 0.0, 1.0, 0.9, 1.27, 0.7, 1.908, 2.97], 
    [0.0, 0.0, 1.0, 0.9, 0.52, 0.9, 2.321, 3.834], 
    [0.0, 0.0, 1.0, 0.9, 0.1, 0.1, 0.2993, 0.4464], 
    [0.0, 0.0, 1.0, 0.9, 0.93, 1.0, 2.601, 4.327], 
    [0.0, 0.0, 1.0, 0.9, 0.85, 0.2, 0.6393, 0.8803], 
    [0.0, 0.0, 1.0, 0.9, 0.35, 0.6, 1.62, 2.596], 
    [0.0, 0.0, 1.0, 0.9, 0.43, 0.5, 1.347, 2.148], 
    [0.0, 0.0, 1.0, 0.9, 1.02, 1.0, 2.619, 4.266], 
    [0.0, 0.0, 1.0, 0.9, 0.93, 0.6, 1.638, 2.545], 
    [0.0, 0.0, 1.0, 0.9, 0.18, 0.9, 2.318, 3.886], 
    [0.0, 0.0, 1.0, 0.9, 1.43, 0.5, 1.433, 2.13], 
    [0.0, 0.0, 1.0, 0.9, 1.18, 0.5, 1.414, 2.149], 
    [0.0, 0.0, 1.0, 0.9, 0.35, 0.7, 1.888, 2.971], 
    [0.0, 0.0, 1.0, 0.9, 1.18, 0.1, 0.4256, 0.4643], 
    [0.0, 0.0, 1.0, 0.9, 0.6, 0.4, 1.117, 1.75], 
    [0.0, 0.0, 1.0, 0.9, 1.35, 0.6, 1.676, 2.589], 
    [0.0, 0.0, 1.0, 0.9, 1.27, 1.0, 2.77, 4.323], 
    [0.0, 0.0, 1.0, 0.9, 1.1, 0.8, 2.141, 3.555], 
    [0.0, 0.0, 1.0, 0.9, 0.35, 0.8, 2.093, 3.345], 
    [0.0, 0.0, 1.0, 0.9, 0.27, 0.2, 0.5867, 0.88], 
    [0.0, 0.0, 1.0, 0.9, 0.68, 0.4, 1.114, 1.771], 
    [0.0, 0.0, 1.0, 0.9, 0.6, 1.0, 2.595, 4.329], 
    [0.0, 0.0, 1.0, 0.9, 0.77, 0.6, 1.619, 2.529], 
    [0.0, 0.0, 1.0, 0.9, 0.52, 0.7, 1.843, 2.967], 
    [0.0, 0.0, 1.0, 0.9, 0.85, 0.9, 2.392, 3.917], 
    [0.0, 0.0, 1.0, 0.9, 0.27, 1.1, 2.931, 4.671], 
    [0.0, 0.0, 1.0, 0.9, 1.02, 0.1, 0.404, 0.4641], 
    [0.0, 0.0, 1.0, 0.9, 0.85, 0.6, 1.62, 2.548], 
    [0.0, 0.0, 1.0, 0.9, 1.43, 0.2, 0.6942, 0.872], 
    [0.0, 0.0, 1.0, 0.9, 0.77, 0.9, 2.445, 3.927], 
    [0.0, 0.0, 1.0, 0.9, 0.27, 0.4, 1.104, 1.759], 
    [0.0, 0.0, 1.0, 0.9, 1.27, 0.6, 1.666, 2.578], 
    [0.0, 0.0, 1.0, 0.9, 1.02, 0.6, 1.65, 2.524], 
    [0.0, 0.0, 1.0, 0.9, 1.27, 0.3, 0.9085, 1.288], 
    [0.0, 0.0, 1.0, 0.9, 0.18, 0.7, 1.817, 3.057], 
    [0.0, 0.0, 1.0, 0.9, 1.18, 0.4, 1.163, 1.711], 
    [0.0, 0.0, 1.0, 0.9, 1.1, 1.1, 2.911, 4.785], 
    [0.0, 0.0, 1.0, 0.9, 0.43, 0.7, 1.827, 3.013], 
    [0.0, 0.0, 1.0, 0.9, 1.27, 0.1, 0.4331, 0.464], 
    [0.0, 0.0, 1.0, 0.9, 1.02, 1.1, 2.913, 4.651], 
    [0.0, 0.0, 1.0, 0.9, 1.35, 0.3, 0.932, 1.292], 
    [0.0, 0.0, 1.0, 0.9, 0.52, 0.5, 1.372, 2.211], 
    [0.0, 0.0, 1.0, 0.9, 0.85, 1.1, 2.853, 4.807], 
    [0.0, 0.0, 1.0, 0.9, 0.43, 1.1, 2.856, 4.738], 
    [0.0, 0.0, 1.0, 0.9, 0.1, 0.2, 0.5522, 0.8785], 
    [0.0, 0.0, 1.0, 0.9, 0.93, 0.2, 0.6467, 0.8808], 
    [0.0, 0.0, 1.0, 0.9, 0.43, 1.0, 2.68, 4.209], 
    [0.0, 0.0, 1.0, 0.9, 0.77, 0.1, 0.3811, 0.4643], 
    [0.0, 0.0, 1.0, 0.9, 1.35, 0.7, 1.92, 2.99], 
    [0.0, 0.0, 1.0, 0.9, 0.52, 0.4, 1.113, 1.779], 
    [0.0, 0.0, 1.0, 0.9, 0.27, 0.9, 2.323, 3.904], 
    [0.0, 0.0, 1.0, 0.9, 1.43, 0.9, 2.493, 3.799], 
    [0.0, 0.0, 1.0, 0.9, 0.6, 0.6, 1.647, 2.538], 
    [0.0, 0.0, 1.0, 0.9, 1.02, 0.8, 2.186, 3.46], 
    [0.0, 0.0, 1.0, 0.9, 0.35, 1.1, 2.815, 4.794], 
    [0.0, 0.0, 1.0, 0.9, 0.27, 0.8, 2.07, 3.489], 
    [0.0, 0.0, 1.0, 0.9, 0.93, 0.5, 1.388, 2.157], 
    [0.0, 0.0, 1.0, 0.9, 0.68, 1.0, 2.586, 4.368], 
    [0.0, 0.0, 1.0, 0.9, 0.35, 0.9, 2.336, 3.873], 
    [0.0, 0.0, 1.0, 0.9, 0.77, 0.7, 1.882, 3.04], 
    [0.0, 0.0, 1.0, 0.9, 0.27, 0.6, 1.613, 2.516], 
    [0.0, 0.0, 1.0, 0.9, 1.1, 0.5, 1.404, 2.167], 
    [0.0, 0.0, 1.0, 0.9, 0.6, 1.1, 2.904, 4.717], 
    [0.0, 0.0, 1.0, 0.9, 1.27, 0.4, 1.172, 1.704], 
    [0.0, 0.0, 1.0, 0.9, 0.52, 1.1, 2.86, 4.751], 
    [0.0, 0.0, 1.0, 0.9, 0.35, 0.2, 0.5822, 0.8864]
]
