[
    [0.0, 1.0, 0.0, 0.67, 90.0, 5.76, 0.04453, 0.02674], 
    [0.0, 1.0, 0.0, 0.67, 250.0, 184.32, 0.4834, 0.3404], 
    [0.0, 1.0, 0.0, 0.67, 50.0, 30.0, 0.08516, 0.05918], 
    [0.0, 1.0, 0.0, 0.67, 150.0, 30.0, 0.1242, 0.08257], 
    [0.0, 1.0, 0.0, 0.67, 300.0, 30.0, 0.1725, 0.1077], 
    [0.0, 1.0, 0.0, 0.67, 350.0, 92.16, 0.3312, 0.2253], 
    [0.0, 1.0, 0.0, 0.67, 30.0, 11.52, 0.03845, 0.02678], 
    [0.0, 1.0, 0.0, 0.67, 20.0, 92.16, 0.2049, 0.1432], 
    [0.0, 1.0, 0.0, 0.67, 70.0, 2.88, 0.02962, 0.01722], 
    [0.0, 1.0, 0.0, 0.67, 120.0, 7.0, 0.05562, 0.03321], 
    [0.0, 1.0, 0.0, 0.67, 250.0, 30.0, 0.1586, 0.1002], 
    [0.0, 1.0, 0.0, 0.67, 120.0, 2.88, 0.03879, 0.02104], 
    [0.0, 1.0, 0.0, 0.67, 10.0, 150.0, 0.3249, 0.229], 
    [0.0, 1.0, 0.0, 0.67, 70.0, 23.04, 0.07839, 0.05398], 
    [0.0, 1.0, 0.0, 0.67, 120.0, 92.16, 0.2442, 0.1694], 
    [0.0, 1.0, 0.0, 0.67, 350.0, 23.04, 0.1639, 0.09859], 
    [0.0, 1.0, 0.0, 0.67, 350.0, 5.76, 0.08734, 0.04424], 
    [0.0, 1.0, 0.0, 0.67, 300.0, 150.0, 0.436, 0.3003], 
    [0.0, 1.0, 0.0, 0.67, 200.0, 150.0, 0.3948, 0.2749], 
    [0.0, 1.0, 0.0, 0.67, 20.0, 150.0, 0.3242, 0.23], 
    [0.0, 1.0, 0.0, 0.67, 50.0, 11.52, 0.04648, 0.03138], 
    [0.0, 1.0, 0.0, 0.67, 10.0, 11.52, 0.03097, 0.02161], 
    [0.0, 1.0, 0.0, 0.67, 90.0, 92.16, 0.234, 0.1612], 
    [0.0, 1.0, 0.0, 0.67, 10.0, 5.76, 0.01884, 0.01307], 
    [0.0, 1.0, 0.0, 0.67, 30.0, 5.76, 0.02629, 0.01782], 
    [0.0, 1.0, 0.0, 0.67, 150.0, 11.52, 0.07786, 0.04756], 
    [0.0, 1.0, 0.0, 0.67, 150.0, 7.0, 0.06204, 0.03633], 
    [0.0, 1.0, 0.0, 0.67, 250.0, 2.88, 0.05615, 0.02633], 
    [0.0, 1.0, 0.0, 0.67, 120.0, 23.04, 0.09784, 0.06495], 
    [0.0, 1.0, 0.0, 0.67, 10.0, 46.08, 0.1051, 0.07275], 
    [0.0, 1.0, 0.0, 0.67, 200.0, 30.0, 0.143, 0.09194], 
    [0.0, 1.0, 0.0, 0.67, 90.0, 150.0, 0.3524, 0.247], 
    [0.0, 1.0, 0.0, 0.67, 20.0, 11.52, 0.03467, 0.02423], 
    [0.0, 1.0, 0.0, 0.67, 70.0, 5.76, 0.03946, 0.02424], 
    [0.0, 1.0, 0.0, 0.67, 250.0, 11.52, 0.1006, 0.05841], 
    [0.0, 1.0, 0.0, 0.67, 350.0, 184.32, 0.5271, 0.3637], 
    [0.0, 1.0, 0.0, 0.67, 50.0, 46.08, 0.1195, 0.08291], 
    [0.0, 1.0, 0.0, 0.67, 120.0, 46.08, 0.1465, 0.1011], 
    [0.0, 1.0, 0.0, 0.67, 50.0, 2.88, 0.0253, 0.01517], 
    [0.0, 1.0, 0.0, 0.67, 70.0, 7.0, 0.0429, 0.02687], 
    [0.0, 1.0, 0.0, 0.67, 10.0, 23.04, 0.05547, 0.03873], 
    [0.0, 1.0, 0.0, 0.67, 200.0, 7.0, 0.07175, 0.04063], 
    [0.0, 1.0, 0.0, 0.67, 30.0, 150.0, 0.3295, 0.2327], 
    [0.0, 1.0, 0.0, 0.67, 120.0, 184.32, 0.437, 0.3048], 
    [0.0, 1.0, 0.0, 0.67, 300.0, 184.32, 0.5064, 0.3511], 
    [0.0, 1.0, 0.0, 0.67, 120.0, 30.0, 0.1124, 0.07637], 
    [0.0, 1.0, 0.0, 0.67, 10.0, 184.32, 0.3905, 0.2799], 
    [0.0, 1.0, 0.0, 0.67, 20.0, 46.08, 0.1072, 0.07517], 
    [0.0, 1.0, 0.0, 0.67, 70.0, 92.16, 0.2261, 0.1561], 
    [0.0, 1.0, 0.0, 0.67, 30.0, 92.16, 0.2107, 0.146], 
    [0.0, 1.0, 0.0, 0.67, 150.0, 92.16, 0.2551, 0.1765], 
    [0.0, 1.0, 0.0, 0.67, 300.0, 92.16, 0.312, 0.2142], 
    [0.0, 1.0, 0.0, 0.67, 350.0, 11.52, 0.1189, 0.06665], 
    [0.0, 1.0, 0.0, 0.67, 90.0, 7.0, 0.04847, 0.02967], 
    [0.0, 1.0, 0.0, 0.67, 200.0, 5.76, 0.06563, 0.03642], 
    [0.0, 1.0, 0.0, 0.67, 150.0, 184.32, 0.449, 0.3133], 
    [0.0, 1.0, 0.0, 0.67, 250.0, 46.08, 0.1968, 0.1294], 
    [0.0, 1.0, 0.0, 0.67, 250.0, 150.0, 0.416, 0.2875], 
    [0.0, 1.0, 0.0, 0.67, 90.0, 23.04, 0.08611, 0.05868], 
    [0.0, 1.0, 0.0, 0.67, 250.0, 92.16, 0.2929, 0.202], 
    [0.0, 1.0, 0.0, 0.67, 70.0, 184.32, 0.4144, 0.2932], 
    [0.0, 1.0, 0.0, 0.67, 20.0, 30.0, 0.07342, 0.0517], 
    [0.0, 1.0, 0.0, 0.67, 30.0, 30.0, 0.07714, 0.05406], 
    [0.0, 1.0, 0.0, 0.67, 50.0, 92.16, 0.2166, 0.1526], 
    [0.0, 1.0, 0.0, 0.67, 200.0, 46.08, 0.1776, 0.1194], 
    [0.0, 1.0, 0.0, 0.67, 50.0, 150.0, 0.3397, 0.237], 
    [0.0, 1.0, 0.0, 0.67, 120.0, 150.0, 0.3679, 0.2548], 
    [0.0, 1.0, 0.0, 0.67, 300.0, 5.76, 0.0805, 0.042], 
    [0.0, 1.0, 0.0, 0.67, 250.0, 23.04, 0.1392, 0.08605], 
    [0.0, 1.0, 0.0, 0.67, 250.0, 7.0, 0.08046, 0.04417], 
    [0.0, 1.0, 0.0, 0.67, 10.0, 2.88, 0.01278, 0.0088], 
    [0.0, 1.0, 0.0, 0.67, 200.0, 23.04, 0.1249, 0.0788], 
    [0.0, 1.0, 0.0, 0.67, 30.0, 2.88, 0.01974, 0.01254], 
    [0.0, 1.0, 0.0, 0.67, 300.0, 23.04, 0.1515, 0.09268], 
    [0.0, 1.0, 0.0, 0.67, 10.0, 92.16, 0.2009, 0.1442], 
    [0.0, 1.0, 0.0, 0.67, 150.0, 23.04, 0.109, 0.07047], 
    [0.0, 1.0, 0.0, 0.67, 350.0, 7.0, 0.09507, 0.04979], 
    [0.0, 1.0, 0.0, 0.67, 350.0, 30.0, 0.1863, 0.1145], 
    [0.0, 1.0, 0.0, 0.67, 30.0, 184.32, 0.3958, 0.2821], 
    [0.0, 1.0, 0.0, 0.67, 150.0, 150.0, 0.3792, 0.2626], 
    [0.0, 1.0, 0.0, 0.67, 150.0, 46.08, 0.1578, 0.1085], 
    [0.0, 1.0, 0.0, 0.67, 150.0, 2.88, 0.04355, 0.02267], 
    [0.0, 1.0, 0.0, 0.67, 30.0, 23.04, 0.0628, 0.04375], 
    [0.0, 1.0, 0.0, 0.67, 90.0, 184.32, 0.4238, 0.2985], 
    [0.0, 1.0, 0.0, 0.67, 20.0, 184.32, 0.3927, 0.28], 
    [0.0, 1.0, 0.0, 0.67, 120.0, 5.76, 0.05108, 0.03003], 
    [0.0, 1.0, 0.0, 0.67, 30.0, 46.08, 0.1112, 0.0781], 
    [0.0, 1.0, 0.0, 0.67, 200.0, 184.32, 0.4703, 0.3259], 
    [0.0, 1.0, 0.0, 0.67, 150.0, 5.76, 0.05695, 0.03277], 
    [0.0, 1.0, 0.0, 0.67, 350.0, 2.88, 0.06674, 0.02845], 
    [0.0, 1.0, 0.0, 0.67, 250.0, 5.76, 0.07394, 0.03952], 
    [0.0, 1.0, 0.0, 0.67, 10.0, 30.0, 0.06977, 0.04905], 
    [0.0, 1.0, 0.0, 0.67, 350.0, 150.0, 0.4542, 0.3132], 
    [0.0, 1.0, 0.0, 0.67, 70.0, 11.52, 0.054, 0.03548], 
    [0.0, 1.0, 0.0, 0.67, 300.0, 46.08, 0.2145, 0.1386], 
    [0.0, 1.0, 0.0, 0.67, 300.0, 11.52, 0.1095, 0.06279], 
    [0.0, 1.0, 0.0, 0.67, 50.0, 5.76, 0.03364, 0.02125], 
    [0.0, 1.0, 0.0, 0.67, 70.0, 30.0, 0.09306, 0.06428], 
    [0.0, 1.0, 0.0, 0.67, 20.0, 5.76, 0.02264, 0.01566], 
    [0.0, 1.0, 0.0, 0.67, 70.0, 150.0, 0.3467, 0.2424], 
    [0.0, 1.0, 0.0, 0.67, 20.0, 2.88, 0.01643, 0.01086], 
    [0.0, 1.0, 0.0, 0.67, 300.0, 7.0, 0.08774, 0.04706], 
    [0.0, 1.0, 0.0, 0.67, 50.0, 7.0, 0.03665, 0.02357], 
    [0.0, 1.0, 0.0, 0.67, 300.0, 2.88, 0.06165, 0.0275], 
    [0.0, 1.0, 0.0, 0.67, 70.0, 46.08, 0.1265, 0.08812], 
    [0.0, 1.0, 0.0, 0.67, 350.0, 46.08, 0.2312, 0.1471], 
    [0.0, 1.0, 0.0, 0.67, 90.0, 2.88, 0.03357, 0.01899], 
    [0.0, 1.0, 0.0, 0.67, 30.0, 7.0, 0.0289, 0.01991], 
    [0.0, 1.0, 0.0, 0.67, 90.0, 30.0, 0.1007, 0.06947], 
    [0.0, 1.0, 0.0, 0.67, 50.0, 23.04, 0.07078, 0.0489], 
    [0.0, 1.0, 0.0, 0.67, 120.0, 11.52, 0.06983, 0.0435], 
    [0.0, 1.0, 0.0, 0.67, 90.0, 46.08, 0.1344, 0.09343], 
    [0.0, 1.0, 0.0, 0.67, 200.0, 92.16, 0.2752, 0.1893], 
    [0.0, 1.0, 0.0, 0.67, 10.0, 7.0, 0.02145, 0.0149], 
    [0.0, 1.0, 0.0, 0.67, 20.0, 23.04, 0.05881, 0.04127], 
    [0.0, 1.0, 0.0, 0.67, 90.0, 11.52, 0.06067, 0.03887], 
    [0.0, 1.0, 0.0, 0.67, 200.0, 2.88, 0.05009, 0.02477], 
    [0.0, 1.0, 0.0, 0.67, 200.0, 11.52, 0.08966, 0.05332], 
    [0.0, 1.0, 0.0, 0.67, 50.0, 184.32, 0.4088, 0.2877], 
    [0.0, 1.0, 0.0, 0.67, 20.0, 7.0, 0.02524, 0.01753]
]
