[
    [0.0, 1.0, 0.0, 0.72, 10.0, 23.04, 0.05087, 0.03648], 
    [0.0, 1.0, 0.0, 0.72, 120.0, 30.0, 0.1055, 0.07108], 
    [0.0, 1.0, 0.0, 0.72, 300.0, 150.0, 0.4025, 0.2821], 
    [0.0, 1.0, 0.0, 0.72, 30.0, 5.76, 0.02475, 0.01656], 
    [0.0, 1.0, 0.0, 0.72, 10.0, 150.0, 0.2952, 0.2137], 
    [0.0, 1.0, 0.0, 0.72, 30.0, 92.16, 0.1906, 0.1391], 
    [0.0, 1.0, 0.0, 0.72, 200.0, 2.88, 0.04515, 0.01905], 
    [0.0, 1.0, 0.0, 0.72, 20.0, 30.0, 0.06778, 0.04836], 
    [0.0, 1.0, 0.0, 0.72, 70.0, 5.76, 0.03629, 0.02188], 
    [0.0, 1.0, 0.0, 0.72, 50.0, 46.08, 0.1093, 0.07816], 
    [0.0, 1.0, 0.0, 0.72, 250.0, 46.08, 0.1838, 0.1199], 
    [0.0, 1.0, 0.0, 0.72, 90.0, 46.08, 0.1245, 0.08766], 
    [0.0, 1.0, 0.0, 0.72, 20.0, 2.88, 0.01541, 0.01006], 
    [0.0, 1.0, 0.0, 0.72, 20.0, 7.0, 0.02355, 0.01642], 
    [0.0, 1.0, 0.0, 0.72, 250.0, 150.0, 0.3851, 0.2687], 
    [0.0, 1.0, 0.0, 0.72, 250.0, 23.04, 0.1274, 0.07776], 
    [0.0, 1.0, 0.0, 0.72, 150.0, 7.0, 0.05647, 0.03154], 
    [0.0, 1.0, 0.0, 0.72, 120.0, 7.0, 0.05067, 0.02934], 
    [0.0, 1.0, 0.0, 0.72, 150.0, 30.0, 0.1165, 0.07668], 
    [0.0, 1.0, 0.0, 0.72, 10.0, 46.08, 0.09526, 0.06871], 
    [0.0, 1.0, 0.0, 0.72, 90.0, 11.52, 0.05649, 0.03568], 
    [0.0, 1.0, 0.0, 0.72, 300.0, 7.0, 0.079, 0.03834], 
    [0.0, 1.0, 0.0, 0.72, 350.0, 7.0, 0.08518, 0.03977], 
    [0.0, 1.0, 0.0, 0.72, 30.0, 2.88, 0.01829, 0.01144], 
    [0.0, 1.0, 0.0, 0.72, 250.0, 2.88, 0.05089, 0.01941], 
    [0.0, 1.0, 0.0, 0.72, 20.0, 5.76, 0.02111, 0.01467], 
    [0.0, 1.0, 0.0, 0.72, 200.0, 184.32, 0.428, 0.3091], 
    [0.0, 1.0, 0.0, 0.72, 300.0, 30.0, 0.1584, 0.09772], 
    [0.0, 1.0, 0.0, 0.72, 70.0, 2.88, 0.02721, 0.01494], 
    [0.0, 1.0, 0.0, 0.72, 10.0, 92.16, 0.1832, 0.133], 
    [0.0, 1.0, 0.0, 0.72, 20.0, 150.0, 0.2966, 0.2194], 
    [0.0, 1.0, 0.0, 0.72, 250.0, 92.16, 0.2724, 0.1883], 
    [0.0, 1.0, 0.0, 0.72, 300.0, 23.04, 0.1383, 0.08291], 
    [0.0, 1.0, 0.0, 0.72, 70.0, 184.32, 0.3795, 0.276], 
    [0.0, 1.0, 0.0, 0.72, 70.0, 92.16, 0.2067, 0.1468], 
    [0.0, 1.0, 0.0, 0.72, 120.0, 150.0, 0.3364, 0.2398], 
    [0.0, 1.0, 0.0, 0.72, 200.0, 23.04, 0.1148, 0.07203], 
    [0.0, 1.0, 0.0, 0.72, 120.0, 11.52, 0.06432, 0.03945], 
    [0.0, 1.0, 0.0, 0.72, 10.0, 11.52, 0.02852, 0.02038], 
    [0.0, 1.0, 0.0, 0.72, 30.0, 184.32, 0.3622, 0.2664], 
    [0.0, 1.0, 0.0, 0.72, 50.0, 92.16, 0.1979, 0.1429], 
    [0.0, 1.0, 0.0, 0.72, 50.0, 7.0, 0.03414, 0.0218], 
    [0.0, 1.0, 0.0, 0.72, 50.0, 30.0, 0.07869, 0.05564], 
    [0.0, 1.0, 0.0, 0.72, 90.0, 23.04, 0.08051, 0.05472], 
    [0.0, 1.0, 0.0, 0.72, 250.0, 7.0, 0.07225, 0.03657], 
    [0.0, 1.0, 0.0, 0.72, 120.0, 5.76, 0.04651, 0.02618], 
    [0.0, 1.0, 0.0, 0.72, 90.0, 184.32, 0.3837, 0.2839], 
    [0.0, 1.0, 0.0, 0.72, 350.0, 92.16, 0.3103, 0.2094], 
    [0.0, 1.0, 0.0, 0.72, 300.0, 184.32, 0.4691, 0.3306], 
    [0.0, 1.0, 0.0, 0.72, 50.0, 150.0, 0.3081, 0.2256], 
    [0.0, 1.0, 0.0, 0.72, 350.0, 150.0, 0.4203, 0.2922], 
    [0.0, 1.0, 0.0, 0.72, 150.0, 5.76, 0.05169, 0.02803], 
    [0.0, 1.0, 0.0, 0.72, 300.0, 2.88, 0.05592, 0.01958], 
    [0.0, 1.0, 0.0, 0.72, 200.0, 5.76, 0.05963, 0.0304], 
    [0.0, 1.0, 0.0, 0.72, 150.0, 23.04, 0.1014, 0.06506], 
    [0.0, 1.0, 0.0, 0.72, 120.0, 92.16, 0.225, 0.1594], 
    [0.0, 1.0, 0.0, 0.72, 150.0, 11.52, 0.0713, 0.04262], 
    [0.0, 1.0, 0.0, 0.72, 200.0, 11.52, 0.08179, 0.04697], 
    [0.0, 1.0, 0.0, 0.72, 70.0, 150.0, 0.3132, 0.2273], 
    [0.0, 1.0, 0.0, 0.72, 20.0, 11.52, 0.03214, 0.0227], 
    [0.0, 1.0, 0.0, 0.72, 150.0, 46.08, 0.1474, 0.1015], 
    [0.0, 1.0, 0.0, 0.72, 150.0, 150.0, 0.3482, 0.2467], 
    [0.0, 1.0, 0.0, 0.72, 200.0, 7.0, 0.06477, 0.03448], 
    [0.0, 1.0, 0.0, 0.72, 20.0, 92.16, 0.1884, 0.1349], 
    [0.0, 1.0, 0.0, 0.72, 90.0, 5.76, 0.04058, 0.02379], 
    [0.0, 1.0, 0.0, 0.72, 200.0, 46.08, 0.1661, 0.1114], 
    [0.0, 1.0, 0.0, 0.72, 10.0, 7.0, 0.01979, 0.01403], 
    [0.0, 1.0, 0.0, 0.72, 70.0, 30.0, 0.08603, 0.0603], 
    [0.0, 1.0, 0.0, 0.72, 300.0, 11.52, 0.09886, 0.05361], 
    [0.0, 1.0, 0.0, 0.72, 10.0, 5.76, 0.01746, 0.0123], 
    [0.0, 1.0, 0.0, 0.72, 70.0, 7.0, 0.03962, 0.02448], 
    [0.0, 1.0, 0.0, 0.72, 250.0, 5.76, 0.06625, 0.03216], 
    [0.0, 1.0, 0.0, 0.72, 120.0, 23.04, 0.09183, 0.06018], 
    [0.0, 1.0, 0.0, 0.72, 30.0, 23.04, 0.05794, 0.04117], 
    [0.0, 1.0, 0.0, 0.72, 90.0, 92.16, 0.2133, 0.1516], 
    [0.0, 1.0, 0.0, 0.72, 300.0, 46.08, 0.1994, 0.1277], 
    [0.0, 1.0, 0.0, 0.72, 350.0, 2.88, 0.06072, 0.01955], 
    [0.0, 1.0, 0.0, 0.72, 30.0, 11.52, 0.03572, 0.02514], 
    [0.0, 1.0, 0.0, 0.72, 350.0, 5.76, 0.07859, 0.03448], 
    [0.0, 1.0, 0.0, 0.72, 350.0, 23.04, 0.1499, 0.08765], 
    [0.0, 1.0, 0.0, 0.72, 90.0, 30.0, 0.09386, 0.06518], 
    [0.0, 1.0, 0.0, 0.72, 30.0, 30.0, 0.07085, 0.05095], 
    [0.0, 1.0, 0.0, 0.72, 10.0, 184.32, 0.3575, 0.2621], 
    [0.0, 1.0, 0.0, 0.72, 20.0, 184.32, 0.3553, 0.2641], 
    [0.0, 1.0, 0.0, 0.72, 50.0, 5.76, 0.03122, 0.01959], 
    [0.0, 1.0, 0.0, 0.72, 120.0, 2.88, 0.03509, 0.01728], 
    [0.0, 1.0, 0.0, 0.72, 30.0, 46.08, 0.1021, 0.07344], 
    [0.0, 1.0, 0.0, 0.72, 30.0, 7.0, 0.02706, 0.01853], 
    [0.0, 1.0, 0.0, 0.72, 200.0, 30.0, 0.132, 0.08471], 
    [0.0, 1.0, 0.0, 0.72, 10.0, 2.88, 0.01193, 0.00825], 
    [0.0, 1.0, 0.0, 0.72, 50.0, 11.52, 0.04357, 0.02927], 
    [0.0, 1.0, 0.0, 0.72, 150.0, 184.32, 0.4111, 0.2952], 
    [0.0, 1.0, 0.0, 0.72, 300.0, 5.76, 0.07251, 0.0335], 
    [0.0, 1.0, 0.0, 0.72, 90.0, 2.88, 0.03048, 0.01608], 
    [0.0, 1.0, 0.0, 0.72, 350.0, 30.0, 0.1713, 0.1033], 
    [0.0, 1.0, 0.0, 0.72, 10.0, 30.0, 0.06392, 0.04611], 
    [0.0, 1.0, 0.0, 0.72, 250.0, 30.0, 0.1463, 0.09162], 
    [0.0, 1.0, 0.0, 0.72, 350.0, 184.32, 0.4873, 0.3401], 
    [0.0, 1.0, 0.0, 0.72, 90.0, 7.0, 0.04445, 0.02667], 
    [0.0, 1.0, 0.0, 0.72, 300.0, 92.16, 0.2914, 0.2006], 
    [0.0, 1.0, 0.0, 0.72, 120.0, 184.32, 0.4009, 0.2878], 
    [0.0, 1.0, 0.0, 0.72, 70.0, 23.04, 0.0729, 0.05057], 
    [0.0, 1.0, 0.0, 0.72, 70.0, 46.08, 0.1165, 0.08266], 
    [0.0, 1.0, 0.0, 0.72, 20.0, 23.04, 0.054, 0.03875], 
    [0.0, 1.0, 0.0, 0.72, 120.0, 46.08, 0.1361, 0.09456], 
    [0.0, 1.0, 0.0, 0.72, 50.0, 23.04, 0.0656, 0.04592], 
    [0.0, 1.0, 0.0, 0.72, 250.0, 184.32, 0.4482, 0.3163], 
    [0.0, 1.0, 0.0, 0.72, 30.0, 150.0, 0.2985, 0.219], 
    [0.0, 1.0, 0.0, 0.72, 200.0, 92.16, 0.2543, 0.178], 
    [0.0, 1.0, 0.0, 0.72, 50.0, 184.32, 0.3731, 0.2754], 
    [0.0, 1.0, 0.0, 0.72, 50.0, 2.88, 0.02321, 0.01348], 
    [0.0, 1.0, 0.0, 0.72, 200.0, 150.0, 0.3656, 0.2593], 
    [0.0, 1.0, 0.0, 0.72, 350.0, 46.08, 0.2151, 0.1352], 
    [0.0, 1.0, 0.0, 0.72, 90.0, 150.0, 0.3254, 0.234], 
    [0.0, 1.0, 0.0, 0.72, 150.0, 2.88, 0.03867, 0.01819], 
    [0.0, 1.0, 0.0, 0.72, 350.0, 11.52, 0.1064, 0.0561], 
    [0.0, 1.0, 0.0, 0.72, 70.0, 11.52, 0.05014, 0.03282], 
    [0.0, 1.0, 0.0, 0.72, 250.0, 11.52, 0.0901, 0.05052], 
    [0.0, 1.0, 0.0, 0.72, 20.0, 46.08, 0.09839, 0.07073], 
    [0.0, 1.0, 0.0, 0.72, 150.0, 92.16, 0.2358, 0.1659]
]
